4294967294,472
4294967294,12
4294967294,1157
4294967294,510
4294967294,274
4294967294,68
4294967294,11
4294967294,81
4294967278,132
4294967278,131
4294967278,130
4294967278,129
4294967278,128
4294967278,127
4294967278,126
4294967278,125
4294967278,124
4294967278,123
4294967278,122
4294967278,121
4294967278,120
4294967278,119
4294967278,118
4294967278,117
4294967278,116
4294967278,115
4294967278,114
4294967278,113
4294967278,112
4294967278,111
4294967278,110
4294967278,109
4294967278,108
4294967278,107
4294967278,106
4294967278,104
4294967278,102
4294967278,101
4294967278,100
4294967278,99
4294967278,98
4294967278,96
4294967278,94
4294967278,93
4294967278,92
4294967278,91
4294967278,90
4294967278,87
4294967278,85
4294967278,84
4294967278,83
4294967278,82
4294967278,81
4294967278,79
4294967278,77
4294967278,76
4294967278,75
4294967278,74
4294967278,73
4294967278,71
4294967278,69
4294967278,68
4294967278,67
4294967278,66
4294967278,65
4294967278,63
4294967279,83
4294967279,79
4294967279,75
4294967279,346
4294967279,68
4294967279,60
4294967279,0
4294967279,56
4294967279,55
4294967279,323
4294967279,51
4294967279,48
4294967279,44
4294967279,43
4294967279,42
4294967279,37
4294967279,35
4294967279,34
4294967279,33
4294967279,30
4294967279,27
4294967279,276
4294967279,23
4294967279,20
4294967279,16
4294967279,14
4294967279,12
4294967279,10
4294967279,8
4294967279,7
4294967279,261
4294967279,6
4294967279,310
4294967279,5
4294967279,405
4294967279,4
151,4
4294967294,6
4294967278,105
4294967278,466
4294967278,103
4294967278,217
4294967278,214
4294967278,213
4294967278,212
247,4
247,3
247,2
247,1
4294967278,211
4294967294,1198
4294967278,487
4294967278,346
4294967278,97
4294967278,95
4294967278,474
4294967278,206
4294967278,205
4294967278,204
4294967278,203
4294967278,89
4294967278,307
4294967278,86
4294967278,309
4294967278,198
4294967278,197
4294967279,196
4294967278,196
4294967279,197
4294967279,369
4294967278,195
4294967279,81
4294967294,46
4294967294,114
4294967294,400
4294967294,186
4294967294,414
4294967294,178
4294967294,398
4294967294,406
4294967294,249
4294967294,1158
4294967294,167
4294967294,191
4294967294,452
4294967294,506
4294967294,494
4294967294,165
4294967294,395
4294967278,80
4294967278,375
4294967278,78
4294967278,340
4294967279,78
4294967278,190
4294967278,189
4294967279,190
4294967278,188
4294967279,375
4294967278,187
4294967279,73
4294967279,289
4294967294,9
4294967279,66
4294967278,486
4294967278,72
4294967279,413
4294967294,1213
4294967278,70
4294967278,459
4294967278,182
4294967279,183
4294967278,181
4294967279,180
4294967278,180
4294967279,398
4294967278,179
4294967294,22
4294967294,5
4294967294,107
4294967294,1195
4294967294,1194
4294967294,1186
4294967294,418
4294967294,1179
4294967294,273
4294967278,64
4294967279,64
4294967278,62
4294967279,412
4294967279,175
4294967294,96
4294967294,94
4294967279,172
4294967294,222
4294967294,1203
0,7
0,5
4294967278,320
4294967278,379
4294967294,51
4294967294,1
4294967294,473
4294967294,2
4294967294,0
4294967294,92
4294967294,88
4294967294,86
4294967294,598
4294967294,187
4294967294,254
4294967294,220
4294967294,28
4294967294,1196
4294967294,27
4294967294,53
4294967294,44
4294967294,93
4294967294,95
4294967294,7
175,1
4294967294,1200
4294967294,509
4294967294,508
4294967294,1159
4294967294,25
4294967294,15
4294967294,502
4294967294,17
4294967294,67
4294967294,99
4294967294,36
4294967294,1184
4294967294,24
4294967294,26
4294967294,39
4294967294,42
175,7
4294967278,338
4294967278,335
4294967294,471
4294967278,485
4294967278,484
4294967278,377
4294967278,374
4294967294,1201
4294967278,330
4294967278,328
4294967294,511
4294967294,1180
241,8
241,7
241,6
241,5
241,4
241,3
241,2
241,1
4294967294,1214
240,5
240,4
240,3
240,2
240,1
239,7
239,6
239,5
239,4
239,3
239,2
239,1
4294967278,483
4294967279,411
4294967294,460
4294967278,280
4294967293,131
4294967293,130
4294967293,129
4294967293,128
4294967293,127
4294967293,126
4294967293,125
4294967293,124
4294967293,123
4294967293,122
4294967293,121
4294967293,120
4294967293,119
4294967293,118
4294967293,117
4294967293,116
4294967293,115
4294967293,114
4294967293,113
4294967293,112
4294967293,111
4294967293,110
4294967293,109
4294967293,108
4294967293,107
4294967293,106
4294967293,105
4294967293,104
4294967293,103
4294967293,102
4294967293,101
4294967293,100
4294967293,99
4294967293,98
4294967293,97
4294967293,96
4294967293,95
4294967293,94
4294967293,93
4294967293,92
4294967293,91
4294967293,90
4294967293,89
4294967293,88
4294967293,87
4294967293,86
4294967293,85
4294967293,84
4294967293,83
4294967293,82
4294967293,81
4294967293,80
4294967293,79
4294967293,78
4294967293,77
4294967293,76
4294967293,75
4294967293,74
4294967293,73
4294967293,72
4294967293,71
4294967293,70
4294967293,69
4294967293,68
4294967293,67
4294967293,66
4294967293,65
4294967293,64
4294967293,63
4294967293,62
4294967293,61
4294967293,60
4294967293,59
4294967293,58
4294967293,57
